10,16963
10,11065
10,12230
10,13417
10,10415
10,12209
10,9965
10,8027
10,10793
10,11500
10,12459
10,10253
10,8047
10,12676
10,10511
10,12441
10,10296
10,13124
10,9349
10,12932
10,11067
10,13312
10,14214
10,11888
10,12774
10,9481
10,12049
10,10097
10,12139
10,11341
10,14637
10,12869
10,10805
10,13107
10,15567
10,16613
10,9585
10,11996
10,10444
10,10639
10,7524
10,11801
10,11396
10,13027
10,11444
10,8906
10,14685
10,11598
10,11871
10,18566
10,7491
10,10182
10,8556
10,11032
10,10287
10,15600
10,12906
10,10817
10,11125
10,10631
10,9506
10,15772
10,11959
10,11820
10,11644
10,10750
10,9313
10,12967
10,9521
10,15681
10,10846
10,10911
10,11527
10,12171
10,9865
10,10858
10,13341
10,14061
10,12398
10,12701
10,12348
10,8161
10,13906
10,14191
10,12125
10,13506
10,13675
10,14353
10,10209
10,11907
10,9607
10,11752
10,13321
10,9696
10,11458
10,10465
10,9467
10,10993
10,14158
10,10101
11,7819
11,7756
11,11170
11,11065
11,10928
11,9803
11,8828
11,9379
11,10384
11,7283
11,6247
11,11733
11,9210
11,8225
11,11621
11,8685
11,8991
11,8390
11,11708
11,6911
11,9732
11,10388
11,8230
11,9935
11,8718
11,9109
11,7363
11,9865
11,6570
11,10007
11,7742
11,11488
11,9409
11,8172
11,9559
11,9231
11,10657
11,10779
11,7307
11,9380
11,6625
11,7542
11,10546
11,9818
11,7682
11,11504
11,7571
11,9736
11,11355
11,10350
11,9550
11,8429
11,10981
11,8681
11,10098
11,11705
11,9934
11,7350
11,8398
11,11975
11,8056
11,7353
11,9722
11,9456
11,9854
11,11119
11,6780
11,9729
11,9353
11,10045
11,7725
11,12469
11,9400
11,7805
11,9080
11,8773
11,8607
11,9550
11,11254
11,7912
11,10093
11,7059
11,10822
11,10686
11,8380
11,7083
11,11183
11,9433
11,7319
11,8170
11,9434
11,9293
11,9735
11,9401
11,8445
11,7326
11,6777
11,10704
11,7485
11,10652
12,12282
12,9309
12,8791
12,8869
12,11985
12,9543
12,10937
12,7015
12,8696
12,9582
12,8909
12,8196
12,7739
12,10914
12,11180
12,11781
12,10699
12,9639
12,10214
12,9967
12,10402
12,8023
12,10010
12,10807
12,8118
12,11996
12,11653
12,9981
12,8135
12,7097
12,10296
12,10387
12,10524
12,8923
12,8258
12,6982
12,12791
12,8552
12,8545
12,9599
12,9503
12,12182
12,7119
12,10298
12,11256
12,10352
12,9721
12,12192
12,6568
12,9695
12,9919
12,10161
12,10242
12,9923
12,10693
12,9277
12,10523
12,13057
12,8825
12,9349
12,9564
12,11014
12,9262
12,10867
12,10515
12,10661
12,11284
12,10265
12,10886
12,12528
12,9564
12,6411
12,8490
12,11298
12,10292
12,8891
12,11870
12,12744
12,9899
12,14130
12,10588
12,7095
12,8755
12,11057
12,7854
12,10419
12,8503
12,11445
12,9536
12,8328
12,8805
12,11475
12,8052
12,12850
12,10585
12,10056
12,9452
12,9102
12,10321
12,11569
13,7429
13,6418
13,8916
13,6846
13,7575
13,9827
13,7822
13,12128
13,7926
13,8026
13,8090
13,9038
13,6967
13,9432
13,6944
13,8472
13,9756
13,7880
13,6603
13,7585
13,7720
13,8349
13,8911
13,8410
13,7614
13,8771
13,7992
13,6904
13,9896
13,7666
13,10945
13,8777
13,5642
13,7851
13,10044
13,7679
13,9957
13,7398
13,5972
13,8338
13,10586
13,12459
13,6707
13,9549
13,7245
13,8397
13,7652
13,8104
13,9926
13,9480
13,7984
13,7488
13,8319
13,9699
13,8050
13,9252
13,8640
13,8273
13,9136
13,8942
13,9305
13,7992
13,8455
13,7102
13,6737
13,7410
13,7998
13,8580
13,8386
13,9204
13,12027
13,5763
13,9001
13,7945
13,9125
13,8915
13,7491
13,11293
13,8500
13,6654
13,8490
13,7641
13,9426
13,8341
13,9193
13,11860
13,6749
13,9283
13,6471
13,9546
13,8645
13,10295
13,7448
13,7562
13,7522
13,10150
13,8822
13,7351
13,9424
13,9958
14,5430
14,8213
14,7384
14,6471
14,8527
14,8461
14,6478
14,4998
14,4555
14,5378
14,7575
14,8989
14,5793
14,6119
14,7921
14,7431
14,7699
14,8685
14,6227
14,6310
14,6199
14,6938
14,8333
14,7533
14,11568
14,6481
14,6042
14,6597
14,7444
14,6579
14,8822
14,6491
14,8600
14,8703
14,7819
14,6859
14,8495
14,5231
14,4989
14,7083
14,7093
14,7148
14,6288
14,7400
14,7045
14,5794
14,6713
14,6535
14,5705
14,7446
14,7922
14,9306
14,9934
14,6271
14,7482
14,6798
14,5699
14,6473
14,7362
14,5611
14,8823
14,5974
14,7861
14,6663
14,6650
14,7275
14,7477
14,6537
14,8026
14,6682
14,5743
14,7629
14,6278
14,8203
14,6216
14,7489
14,5787
14,4969
14,6288
14,5858
14,7217
14,7608
14,6226
14,7262
14,8298
14,7713
14,5043
14,5686
14,6945
14,7667
14,6308
14,5246
14,7082
14,8468
14,7653
14,6736
14,4936
14,6526
14,6921
14,6848
15,6747
15,7011
15,8025
15,7124
15,7701
15,6043
15,6478
15,6074
15,7681
15,8837
15,7800
15,8450
15,7349
15,6070
15,8980
15,9733
15,6881
15,7049
15,7872
15,4919
15,7685
15,5734
15,7031
15,6196
15,5789
15,5735
15,5042
15,8080
15,6212
15,5031
15,7626
15,6685
15,7298
15,6969
15,7717
15,8863
15,6255
15,7720
15,6997
15,7499
15,8156
15,5427
15,7260
15,8500
15,6901
15,7325
15,6807
15,6346
15,5548
15,8173
15,5897
15,4029
15,7405
15,7893
15,6014
15,6397
15,7073
15,6359
15,5737
15,6814
15,8776
15,5214
15,6545
15,7672
15,7772
15,5116
15,7982
15,7119
15,8547
15,9922
15,4784
15,5093
15,6908
15,7163
15,6345
15,8847
15,7165
15,6377
15,8569
15,7567
15,6056
15,8390
15,7037
15,7654
15,6526
15,6365
15,6296
15,6526
15,6239
15,6032
15,6169
15,6902
15,5124
15,10432
15,6590
15,6759
15,4284
15,6200
15,7364
15,6978
16,6994
16,10616
16,8532
16,7928
16,9202
16,8543
16,6536
16,11095
16,6886
16,8988
16,9601
16,7990
16,10574
16,11637
16,9338
16,9182
16,7846
16,7747
16,7047
16,7800
16,10784
16,7829
16,7660
16,9528
16,9743
16,6007
16,6641
16,9854
16,8053
16,8543
16,8061
16,7757
16,9351
16,10332
16,8315
16,7494
16,8558
16,7942
16,8407
16,6234
16,9594
16,8211
16,8069
16,8484
16,9361
16,9378
16,9501
16,8759
16,9246
16,9157
16,9277
16,8354
16,9409
16,10679
16,10358
16,8165
16,7596
16,9912
16,9795
16,7713
16,8666
16,8350
16,7057
16,6266
16,7351
16,6490
16,9377
16,7634
16,9258
16,9383
16,8695
16,8382
16,8545
16,10662
16,9376
16,7423
16,7200
16,9396
16,10917
16,10103
16,7642
16,8365
16,8320
16,8866
16,6642
16,6952
16,9342
16,8114
16,9302
16,6898
16,8697
16,9489
16,8144
16,7981
16,8581
16,7888
16,7464
16,7232
16,7748
16,7416
17,8266
17,10096
17,5674
17,7411
17,5664
17,8176
17,8149
17,9162
17,8307
17,6783
17,8343
17,9723
17,8984
17,10594
17,8609
17,8454
17,9385
17,9577
17,9871
17,7808
17,9033
17,8954
17,8972
17,9284
17,7257
17,7024
17,6057
17,7839
17,6952
17,8674
17,8843
17,8877
17,8629
17,10593
17,6340
17,7627
17,8781
17,9041
17,6630
17,8812
17,6746
17,7099
17,8089
17,7317
17,9844
17,8218
17,8921
17,8820
17,9248
17,8303
17,6591
17,8723
17,6889
17,9158
17,8783
17,9149
17,8273
17,7350
17,7738
17,8297
17,10672
17,9176
17,7313
17,9847
17,8823
17,7483
17,6088
17,13639
17,10166
17,10180
17,8091
17,8680
17,7150
17,8674
17,8185
17,10112
17,6501
17,9632
17,8762
17,11909
17,8454
17,7011
17,6768
17,9918
17,7916
17,7764
17,8640
17,7092
17,7536
17,10203
17,6262
17,8195
17,11079
17,8443
17,8514
17,10942
17,6103
17,6617
17,6622
17,6794
18,6549
18,10210
18,9458
18,9207
18,7985
18,11016
18,8030
18,8166
18,8070
18,9545
18,6938
18,7580
18,9396
18,7900
18,6470
18,6146
18,8684
18,7537
18,7587
18,5869
18,10668
18,6481
18,9898
18,7164
18,10727
18,8727
18,7689
18,11390
18,8084
18,9041
18,8401
18,7899
18,10291
18,8348
18,7428
18,7424
18,9257
18,7737
18,6448
18,7192
18,8896
18,9044
18,7331
18,8923
18,6925
18,7557
18,8810
18,9351
18,5656
18,8033
18,8397
18,7658
18,9125
18,7565
18,8471
18,11575
18,10548
18,10921
18,8246
18,7835
18,9083
18,5545
18,8043
18,7642
18,8907
18,9700
18,9067
18,8189
18,8128
18,9543
18,7829
18,7650
18,8543
18,8639
18,9610
18,6461
18,6263
18,5948
18,9491
18,8165
18,6678
18,8609
18,5771
18,8583
18,10352
18,7207
18,8405
18,7150
18,9942
18,6882
18,7814
18,8070
18,5954
18,7687
18,9639
18,9567
18,7796
18,6990
18,10792
18,7230
19,8244
19,7574
19,8527
19,8721
19,8817
19,7892
19,7740
19,7819
19,7073
19,7469
19,6654
19,8636
19,7129
19,7625
19,7755
19,7555
19,6948
19,8999
19,7918
19,8640
19,7996
19,8115
19,9653
19,7006
19,7397
19,9440
19,7118
19,8316
19,8307
19,8509
19,9001
19,7195
19,8883
19,8452
19,8396
19,9980
19,6789
19,10244
19,9303
19,5330
19,7564
19,9499
19,7730
19,8171
19,9260
19,8976
19,7018
19,7493
19,8863
19,9900
19,10087
19,9294
19,9312
19,8119
19,8825
19,5862
19,6871
19,8251
19,8628
19,10084
19,6679
19,6319
19,8651
19,7135
19,9421
19,9044
19,7424
19,7408
19,8126
19,8484
19,8147
19,8447
19,8410
19,7139
19,6848
19,7271
19,7147
19,10026
19,10587
19,5632
19,5936
19,9126
19,6299
19,7202
19,7116
19,8901
19,7237
19,7515
19,10670
19,8209
19,6363
19,7828
19,9556
19,7889
19,7372
19,7854
19,7569
19,7236
19,8083
19,7338
20,8582
20,8797
20,9827
20,11028
20,8695
20,9137
20,8286
20,8230
20,8332
20,9129
20,11210
20,9169
20,8395
20,9764
20,8268
20,9957
20,9870
20,9102
20,8778
20,9970
20,10307
20,8308
20,11325
20,9419
20,10071
20,9803
20,8908
20,10724
20,8772
20,10154
20,10704
20,8542
20,9416
20,10811
20,10176
20,9094
20,11037
20,9687
20,10094
20,8217
20,10276
20,8674
20,10213
20,9121
20,10774
20,10670
20,11328
20,11662
20,10126
20,9580
20,7694
20,8931
20,7492
20,7738
20,9854
20,11907
20,7957
20,7106
20,10523
20,10854
20,9727
20,7437
20,9493
20,9251
20,9813
20,9047
20,8843
20,10843
20,9535
20,8374
20,11832
20,12861
20,9991
20,12785
20,10956
20,8657
20,11628
20,9116
20,8209
20,11110
20,11723
20,6692
20,9173
20,9662
20,8533
20,9884
20,7286
20,9569
20,9293
20,9918
20,8450
20,8219
20,12207
20,8860
20,9688
20,9279
20,9985
20,10650
20,9482
20,10085
21,9616
21,10051
21,7617
21,7841
21,7773
21,7775
21,7567
21,10694
21,8259
21,8911
21,9053
21,8345
21,8232
21,7733
21,7678
21,8589
21,9521
21,9774
21,7808
21,9235
21,10406
21,10058
21,9186
21,7570
21,9948
21,8613
21,7341
21,8137
21,8881
21,8213
21,7267
21,9624
21,9071
21,11211
21,8222
21,9346
21,7176
21,7740
21,7873
21,9463
21,10727
21,8286
21,9525
21,7886
21,9874
21,8697
21,9839
21,8564
21,7612
21,9189
21,8001
21,7246
21,8127
21,10683
21,10004
21,7969
21,9055
21,9314
21,8904
21,7638
21,9798
21,10286
21,6911
21,9674
21,9160
21,6836
21,9346
21,8340
21,8791
21,8834
21,7689
21,7797
21,9617
21,6045
21,7427
21,9370
21,8069
21,8934
21,9737
21,8196
21,10303
21,7799
21,9807
21,7663
21,6431
21,10495
21,10341
21,7912
21,9360
21,10102
21,8094
21,9131
21,8576
21,7842
21,8583
21,9572
21,7776
21,9782
21,8357
21,8595
22,6228
22,7250
22,7100
22,7511
22,9746
22,7176
22,8732
22,6984
22,7165
22,7903
22,5671
22,8222
22,7200
22,5468
22,8243
22,6868
22,8142
22,7484
22,8338
22,7950
22,8629
22,6972
22,8299
22,7905
22,7149
22,7420
22,7991
22,6539
22,12423
22,9572
22,9593
22,8667
22,7662
22,8403
22,7528
22,7473
22,7254
22,7163
22,7952
22,5417
22,9098
22,8749
22,7092
22,7637
22,7430
22,8676
22,6637
22,8588
22,5873
22,7142
22,8831
22,8817
22,9854
22,8452
22,9213
22,8576
22,8904
22,7294
22,7104
22,8131
22,7138
22,7046
22,6677
22,5718
22,7769
22,7879
22,6707
22,8850
22,7465
22,9880
22,6321
22,8538
22,7271
22,8673
22,7086
22,7859
22,7841
22,7242
22,7832
22,5381
22,8741
22,6806
22,8265
22,8993
22,7275
22,7640
22,6406
22,7209
22,10519
22,7688
22,7991
22,8260
22,7463
22,6465
22,6843
22,6189
22,7611
22,8196
22,8320
22,8573
23,5894
23,8238
23,8880
23,8385
23,7123
23,6708
23,7754
23,8578
23,6984
23,8061
23,7518
23,8159
23,6129
23,7249
23,5053
23,7391
23,7497
23,7365
23,6447
23,9083
23,6782
23,7517
23,7179
23,7343
23,7158
23,6952
23,7173
23,7189
23,7411
23,6106
23,7014
23,7906
23,6940
23,6036
23,6145
23,7304
23,7347
23,6517
23,7034
23,6852
23,7898
23,7979
23,6283
23,7421
23,6632
23,5679
23,6855
23,6986
23,5824
23,8438
23,8083
23,6796
23,6385
23,8343
23,7448
23,6816
23,7695
23,6521
23,6114
23,7670
23,6272
23,5618
23,7241
23,5773
23,6745
23,6315
23,6018
23,7412
23,6830
23,7959
23,5430
23,7801
23,8310
23,7336
23,6936
23,7685
23,8275
23,7003
23,6025
23,8802
23,7281
23,7911
23,6698
23,7514
23,7202
23,8258
23,9042
23,6543
23,6399
23,7633
23,8546
23,6330
23,6852
23,6636
23,6575
23,7363
23,7447
23,7157
23,6687
23,6384
24,7232
24,5831
24,7647
24,8046
24,6529
24,8420
24,8619
24,8646
24,9335
24,7721
24,7660
24,7850
24,8601
24,8173
24,7818
24,8896
24,7708
24,8522
24,7724
24,8604
24,7653
24,8664
24,6531
24,8875
24,7646
24,8757
24,8052
24,8991
24,7427
24,8508
24,10019
24,9027
24,7431
24,9225
24,9286
24,8482
24,8955
24,8113
24,7756
24,6655
24,7496
24,9321
24,8025
24,8511
24,7819
24,5757
24,7210
24,7304
24,8586
24,8903
24,7711
24,6996
24,8912
24,7407
24,8854
24,8788
24,7174
24,8864
24,8366
24,8489
24,7593
24,7602
24,7378
24,7596
24,7478
24,7823
24,7941
24,8113
24,7300
24,7221
24,7178
24,7553
24,8473
24,8517
24,9480
24,8835
24,6428
24,8525
24,8537
24,7277
24,8414
24,8444
24,7123
24,7926
24,8163
24,7503
24,7488
24,5914
24,7408
24,7578
24,8165
24,7838
24,7735
24,7361
24,9082
24,7338
24,9172
24,8639
24,9686
24,9750
25,6511
25,7713
25,6305
25,7106
25,7313
25,7410
25,9024
25,6411
25,5979
25,7070
25,7437
25,6518
25,8374
25,6829
25,6658
25,8022
25,7055
25,6765
25,6149
25,7122
25,7580
25,5936
25,6739
25,7017
25,7671
25,7396
25,6822
25,7627
25,5789
25,7213
25,7105
25,7199
25,8569
25,8061
25,8385
25,8625
25,6414
25,7992
25,7854
25,5679
25,6624
25,7614
25,8086
25,6750
25,7128
25,6479
25,7596
25,7751
25,7425
25,6996
25,6244
25,8680
25,6233
25,6820
25,8113
25,8152
25,8140
25,7116
25,7094
25,6661
25,6353
25,7092
25,8377
25,7869
25,6354
25,6785
25,6315
25,7220
25,6135
25,6382
25,8377
25,8047
25,7618
25,6164
25,6522
25,7526
25,6784
25,7280
25,7253
25,6566
25,8650
25,8776
25,7115
25,6993
25,6972
25,7278
25,6304
25,6935
25,8049
25,7796
25,9246
25,6907
25,6789
25,6438
25,6043
25,6532
25,6802
25,5516
25,9865
25,7312
26,7802
26,7190
26,6699
26,8096
26,6124
26,6476
26,5817
26,6205
26,7522
26,4858
26,5659
26,7460
26,5767
26,6794
26,7172
26,7289
26,5867
26,7803
26,6224
26,7302
26,6680
26,6640
26,6099
26,6465
26,7484
26,6046
26,7989
26,6492
26,7886
26,5872
26,7423
26,6757
26,5176
26,6236
26,5448
26,6041
26,7133
26,6663
26,7380
26,8867
26,7710
26,7158
26,5887
26,7156
26,8513
26,7864
26,5976
26,5238
26,6342
26,5006
26,6825
26,6460
26,5977
26,8067
26,6208
26,7600
26,7589
26,6277
26,7519
26,7450
26,6126
26,7199
26,6513
26,7159
26,6540
26,6156
26,6447
26,5576
26,5011
26,7363
26,6336
26,6025
26,7217
26,6578
26,6087
26,6259
26,6223
26,5126
26,7330
26,6659
26,6994
26,6025
26,6108
26,6231
26,6318
26,7354
26,7258
26,5282
26,6429
26,6654
26,6067
26,5318
26,6071
26,7027
26,8373
26,4933
26,5737
26,6419
26,6530
26,6545
27,7017
27,6491
27,7118
27,5310
27,4545
27,6599
27,5578
27,5141
27,6403
27,7115
27,5410
27,5058
27,5619
27,6327
27,5371
27,5782
27,5487
27,7409
27,5862
27,5896
27,6562
27,6695
27,6435
27,6325
27,5671
27,6582
27,5374
27,6320
27,6558
27,6258
27,5898
27,6200
27,5319
27,6548
27,6587
27,5904
27,5815
27,6315
27,5899
27,5966
27,5605
27,6104
27,6883
27,6494
27,6271
27,4766
27,7008
27,6547
27,6853
27,6268
27,4065
27,6174
27,6168
27,6683
27,7070
27,5364
27,5135
27,5683
27,6354
27,7062
27,5905
27,6053
27,6422
27,5590
27,6927
27,6360
27,5137
27,7096
27,6287
27,7776
27,8036
27,7576
27,6250
27,5491
27,5481
27,5147
27,5040
27,5705
27,5597
27,5489
27,5824
27,6786
27,7102
27,6088
27,5086
27,6135
27,4810
27,5914
27,6406
27,5905
27,5783
27,5480
27,5887
27,5745
27,6870
27,4726
27,5981
27,5696
27,5922
27,6234
28,7411
28,6291
28,7206
28,5621
28,6426
28,5993
28,6913
28,6857
28,6253
28,6057
28,7094
28,7201
28,8616
28,7421
28,7309
28,7350
28,7076
28,5833
28,5767
28,7502
28,6980
28,5582
28,6919
28,6429
28,7085
28,6120
28,6441
28,6711
28,7077
28,7858
28,6287
28,6908
28,5723
28,7890
28,7807
28,7839
28,5766
28,7050
28,8277
28,7045
28,6327
28,6044
28,7198
28,7017
28,6550
28,6454
28,5432
28,6608
28,6949
28,6879
28,7537
28,6448
28,6637
28,7232
28,5824
28,6998
28,5441
28,7554
28,7916
28,7304
28,6187
28,6577
28,7975
28,7690
28,6663
28,6445
28,6212
28,6325
28,6384
28,6810
28,6400
28,6378
28,6930
28,6726
28,8025
28,7696
28,6012
28,7497
28,6509
28,6321
28,6728
28,6895
28,6694
28,6591
28,7023
28,6581
28,6890
28,6699
28,7343
28,6129
28,6501
28,6340
28,8160
28,6701
28,6717
28,6970
28,7364
28,7811
28,6122
28,5762
29,6665
29,7222
29,6498
29,6971
29,7383
29,6138
29,6863
29,8136
29,7301
29,6928
29,6051
29,6232
29,7474
29,6358
29,6886
29,6015
29,6230
29,7812
29,7289
29,7729
29,7386
29,6637
29,6415
29,6532
29,6157
29,7538
29,6114
29,7120
29,6556
29,6523
29,6968
29,6016
29,6785
29,6875
29,6207
29,6482
29,7224
29,6011
29,6026
29,8311
29,7575
29,8287
29,5500
29,6716
29,6486
29,6839
29,6828
29,4865
29,7512
29,5602
29,7269
29,6862
29,6838
29,7724
29,6812
29,6637
29,7109
29,7120
29,5424
29,7616
29,6041
29,7235
29,5915
29,8695
29,6918
29,7257
29,8037
29,7007
29,6777
29,7160
29,5850
29,6068
29,6261
29,6738
29,6590
29,7802
29,6612
29,7592
29,5530
29,7886
29,6121
29,6373
29,6242
29,8010
29,6882
29,6193
29,7609
29,5623
29,7238
29,7061
29,6573
29,7056
29,6279
29,7395
29,9399
29,5267
29,6757
29,7538
29,5950
29,6595
30,6819
30,6474
30,6668
30,7362
30,6326
30,6792
30,6217
30,7278
30,7576
30,6447
30,5946
30,6369
30,7881
30,7058
30,6744
30,5755
30,7516
30,7403
30,6604
30,6472
30,5808
30,6373
30,6162
30,7479
30,5524
30,7767
30,5556
30,6239
30,6358
30,7139
30,7135
30,6180
30,7373
30,7034
30,7239
30,6801
30,6769
30,8676
30,6503
30,7509
30,5945
30,7140
30,6597
30,6212
30,6371
30,6108
30,6299
30,7636
30,6304
30,6202
30,7474
30,6349
30,7100
30,7283
30,7294
30,5572
30,6071
30,7654
30,7322
30,6324
30,6308
30,6051
30,6835
30,6470
30,6228
30,6373
30,6447
30,7004
30,7721
30,7621
30,6141
30,7208
30,6787
30,6239
30,6680
30,6636
30,6973
30,6662
30,7284
30,5368
30,8247
30,6512
30,6562
30,6619
30,6146
30,7650
30,7332
30,7252
30,5999
30,7646
30,7230
30,6771
30,5986
30,7431
30,7094
30,6735
30,6896
30,7750
30,5688
30,6541
31,7062
31,7043
31,5841
31,5080
31,5792
31,5930
31,6613
31,6842
31,5627
31,5860
31,6343
31,7181
31,6101
31,6209
31,6300
31,6185
31,6138
31,7563
31,6956
31,5156
31,7314
31,6986
31,7045
31,6312
31,7193
31,4924
31,7227
31,7173
31,5278
31,6139
31,8319
31,5451
31,6897
31,5885
31,6285
31,5956
31,5822
31,7044
31,7090
31,6969
31,6751
31,6138
31,6056
31,7706
31,7090
31,6851
31,6522
31,5439
31,5886
31,6403
31,7067
31,6070
31,5736
31,6776
31,6687
31,6376
31,6785
31,6795
31,5581
31,6095
31,6142
31,6863
31,6575
31,5737
31,5233
31,7255
31,5984
31,6218
31,5231
31,7229
31,7886
31,5830
31,6635
31,6462
31,8124
31,6677
31,5816
31,6146
31,7569
31,6227
31,6162
31,6836
31,5423
31,6945
31,7563
31,5818
31,5799
31,5992
31,5665
31,6949
31,6349
31,6401
31,7284
31,6719
31,7487
31,6218
31,6027
31,6595
31,5400
31,6760
32,7959
32,6960
32,7758
32,6083
32,6804
32,5980
32,6994
32,6771
32,7592
32,6139
32,7109
32,6751
32,6118
32,6870
32,8062
32,7277
32,7203
32,7179
32,7747
32,7741
32,7092
32,7731
32,6721
32,6629
32,6829
32,7906
32,6852
32,7286
32,8201
32,6301
32,6035
32,6552
32,7038
32,7070
32,7340
32,8291
32,6276
32,6234
32,7344
32,7601
32,6450
32,7884
32,6257
32,7141
32,6138
32,7254
32,6582
32,6195
32,6684
32,7115
32,7638
32,6165
32,6526
32,6666
32,7466
32,7819
32,6943
32,6020
32,7293
32,6096
32,7522
32,7246
32,7222
32,7978
32,5562
32,6574
32,6977
32,6457
32,6867
32,7666
32,6344
32,6411
32,6980
32,7336
32,8692
32,6430
32,5917
32,6894
32,5927
32,7650
32,7597
32,6298
32,7091
32,6560
32,7026
32,6246
32,6337
32,7236
32,6443
32,5754
32,6757
32,6572
32,8251
32,7730
32,6930
32,7674
32,6263
32,6833
32,7153
32,6563
33,6880
33,7299
33,7197
33,7009
33,7138
33,6757
33,7761
33,6559
33,6329
33,7788
33,6592
33,6930
33,6960
33,5881
33,7365
33,6472
33,6600
33,6112
33,6916
33,8066
33,7122
33,6882
33,5295
33,7058
33,6880
33,7006
33,7009
33,6279
33,6122
33,7197
33,7237
33,5946
33,6612
33,5953
33,6740
33,5893
33,7620
33,6096
33,7171
33,6747
33,7306
33,6518
33,5970
33,5765
33,6820
33,6793
33,8834
33,7188
33,6130
33,6751
33,6356
33,6689
33,7202
33,7228
33,7178
33,6448
33,6672
33,6899
33,6525
33,5956
33,5971
33,7342
33,7136
33,6916
33,5673
33,6849
33,7529
33,6529
33,6335
33,6541
33,6775
33,7159
33,7364
33,6824
33,7676
33,7543
33,6634
33,6274
33,7497
33,7222
33,5778
33,7013
33,6650
33,6518
33,6509
33,6887
33,6036
33,6195
33,7056
33,6115
33,6275
33,6740
33,7073
33,6923
33,6664
33,6313
33,5855
33,5894
33,6814
33,6420
34,7669
34,5924
34,7223
34,6220
34,6129
34,7019
34,6029
34,5875
34,7309
34,6371
34,6933
34,6434
34,5544
34,5386
34,7121
34,6913
34,5794
34,6467
34,5414
34,6501
34,6009
34,6664
34,5783
34,6997
34,6762
34,6647
34,6663
34,6480
34,6216
34,6856
34,6564
34,6610
34,6249
34,5619
34,6504
34,6315
34,6438
34,6956
34,7087
34,6211
34,5432
34,6840
34,5538
34,6653
34,5737
34,6368
34,6474
34,6309
34,6394
34,6219
34,6194
34,7335
34,6916
34,6269
34,6471
34,6862
34,6416
34,5508
34,6893
34,7500
34,6256
34,5942
34,6223
34,7023
34,6421
34,6024
34,5508
34,6457
34,7171
34,6560
34,6122
34,7075
34,6108
34,5624
34,6712
34,6316
34,5601
34,7610
34,5428
34,6520
34,5205
34,6584
34,6430
34,6866
34,5880
34,7538
34,6430
34,6747
34,7342
34,6149
34,6193
34,6076
34,6450
34,6540
34,5095
34,6417
34,5785
34,7547
34,6182
34,5938
35,7354
35,7038
35,6013
35,6552
35,6692
35,5512
35,6352
35,6189
35,6193
35,6587
35,6230
35,6016
35,6197
35,5945
35,6497
35,6640
35,7275
35,7007
35,6842
35,6832
35,5960
35,6375
35,5680
35,5652
35,5694
35,6026
35,5916
35,5325
35,6084
35,6279
35,5881
35,6716
35,5862
35,6058
35,6165
35,6380
35,5954
35,6380
35,7269
35,5482
35,6289
35,7032
35,5606
35,7125
35,5631
35,7651
35,6604
35,6028
35,6923
35,5554
35,5625
35,5868
35,6821
35,6600
35,6104
35,6189
35,5448
35,6645
35,6306
35,6348
35,5555
35,6666
35,6420
35,5413
35,5835
35,6493
35,6199
35,6310
35,6444
35,5514
35,6489
35,6951
35,5933
35,6551
35,6267
35,5939
35,7062
35,5962
35,7283
35,6824
35,6955
35,7194
35,6399
35,6375
35,5497
35,5967
35,5158
35,6318
35,5694
35,5913
35,6693
35,5871
35,7269
35,6048
35,6148
35,6019
35,4682
35,5813
35,5880
35,5493
36,7394
36,7935
36,6464
36,6107
36,7251
36,6904
36,6520
36,5594
36,6960
36,6302
36,7487
36,6906
36,6878
36,6309
36,6478
36,6263
36,7180
36,6365
36,6546
36,5441
36,6523
36,6622
36,7053
36,7781
36,6866
36,6690
36,6390
36,6677
36,5821
36,7454
36,6366
36,6825
36,6421
36,6342
36,7754
36,6970
36,6413
36,7689
36,6644
36,6311
36,7011
36,6893
36,7137
36,6522
36,7022
36,7187
36,6070
36,5978
36,6401
36,6108
36,7558
36,6243
36,7848
36,7239
36,6885
36,6646
36,6719
36,6372
36,7209
36,6677
36,7198
36,6652
36,7330
36,7100
36,6380
36,7116
36,7309
36,7245
36,6363
36,6244
36,6590
36,5816
36,6983
36,6854
36,7036
36,7525
36,7026
36,7613
36,7389
36,5498
36,7041
36,6856
36,7602
36,6234
36,6713
36,6811
36,5866
36,7690
36,6644
36,6119
36,5998
36,5654
36,5686
36,6433
36,7059
36,6484
36,8144
36,6787
36,6377
36,6070
37,5950
37,6841
37,6740
37,5772
37,6606
37,6063
37,6645
37,6679
37,6571
37,6350
37,6592
37,6392
37,6414
37,6510
37,6192
37,6029
37,6116
37,6606
37,7704
37,6888
37,6208
37,7124
37,5463
37,6341
37,6865
37,6967
37,7124
37,7044
37,6600
37,5631
37,7127
37,6448
37,6281
37,7399
37,6723
37,6489
37,6380
37,5358
37,6099
37,5119
37,6680
37,6439
37,6226
37,6297
37,5720
37,6147
37,6146
37,6000
37,5776
37,6450
37,6879
37,6561
37,7233
37,7210
37,6621
37,6307
37,5067
37,5587
37,6331
37,5776
37,8189
37,6626
37,6289
37,5675
37,7533
37,5074
37,6065
37,6361
37,6116
37,6297
37,6310
37,6937
37,6660
37,7370
37,6556
37,5201
37,5755
37,6566
37,6910
37,7214
37,6030
37,5746
37,7601
37,6186
37,7300
37,5787
37,6448
37,6003
37,7079
37,5366
37,6788
37,5888
37,5318
37,6215
37,6204
37,5898
37,6196
37,6949
37,6406
37,7204
38,6861
38,6924
38,5482
38,6498
38,5893
38,5521
38,5603
38,8005
38,6111
38,6935
38,6646
38,5567
38,6462
38,6125
38,6523
38,6772
38,6280
38,6470
38,6260
38,7279
38,5639
38,6164
38,5770
38,6419
38,6952
38,5883
38,6672
38,5812
38,5464
38,6073
38,6031
38,5734
38,5756
38,7583
38,5779
38,7455
38,6312
38,6553
38,6052
38,6706
38,7414
38,6509
38,6668
38,6692
38,6054
38,5567
38,6888
38,6903
38,5924
38,6663
38,6416
38,5317
38,5687
38,5895
38,6385
38,6991
38,6245
38,6893
38,6029
38,6622
38,7025
38,6076
38,6101
38,6658
38,6788
38,6664
38,6309
38,6414
38,6336
38,6645
38,6641
38,6620
38,5911
38,5474
38,6300
38,6935
38,5469
38,6350
38,5939
38,7163
38,6077
38,7500
38,5442
38,7021
38,5611
38,5987
38,6356
38,6238
38,6032
38,7004
38,6154
38,6152
38,6942
38,5768
38,6965
38,7627
38,6829
38,6546
38,6145
38,5935
39,5191
39,6171
39,6581
39,5214
39,6518
39,5810
39,6711
39,5970
39,7047
39,6196
39,6065
39,6478
39,5470
39,5987
39,5371
39,5723
39,6465
39,5833
39,6654
39,6910
39,5716
39,6398
39,6794
39,6172
39,6523
39,5614
39,6550
39,6648
39,6086
39,5331
39,6601
39,6564
39,6338
39,7550
39,6290
39,5953
39,5604
39,5583
39,6331
39,6763
39,6224
39,5830
39,6874
39,5218
39,5847
39,6178
39,6217
39,7021
39,5498
39,6384
39,5901
39,5751
39,7188
39,7511
39,5589
39,6406
39,5764
39,6059
39,5771
39,5498
39,7024
39,6659
39,6238
39,5247
39,7461
39,5451
39,5494
39,6980
39,5632
39,5522
39,6252
39,6235
39,7531
39,5741
39,6228
39,5687
39,6594
39,5995
39,5389
39,5991
39,5534
39,6214
39,6018
39,6593
39,6415
39,5412
39,6155
39,6968
39,5722
39,6635
39,5818
39,5989
39,5336
39,5527
39,6139
39,5584
39,5324
39,6030
39,6663
39,5296
40,6328
40,6679
40,7539
40,5579
40,7794
40,6495
40,6483
40,7210
40,7629
40,7100
40,6930
40,6607
40,6140
40,7102
40,6129
40,7129
40,6134
40,6997
40,5729
40,6474
40,5891
40,6494
40,6490
40,6275
40,6015
40,8049
40,6367
40,6092
40,6432
40,6927
40,7193
40,5916
40,7105
40,6501
40,6613
40,6469
40,6434
40,5633
40,7657
40,6314
40,6084
40,5936
40,6435
40,6415
40,6354
40,6847
40,7131
40,6803
40,6390
40,5979
40,6692
40,5766
40,5751
40,6315
40,6768
40,6718
40,5473
40,7302
40,5997
40,7261
40,6332
40,7076
40,7059
40,6972
40,6949
40,7032
40,6668
40,6263
40,6856
40,6546
40,5566
40,7141
40,5915
40,5970
40,6643
40,7610
40,6679
40,6976
40,6090
40,5351
40,6991
40,5633
40,6727
40,6375
40,8354
40,6817
40,7090
40,8025
40,5972
40,6576
40,7300
40,8098
40,6796
40,6281
40,6438
40,5312
40,6899
40,7104
40,6254
40,7031
41,6853
41,6622
41,6007
41,6084
41,6857
41,7367
41,5862
41,6648
41,5792
41,6087
41,6239
41,6649
41,7285
41,5963
41,6052
41,5648
41,5934
41,6829
41,6213
41,6116
41,7186
41,5966
41,6291
41,6939
41,6847
41,7303
41,6748
41,6849
41,5825
41,5715
41,6311
41,5835
41,6497
41,6223
41,6508
41,7108
41,6011
41,6503
41,6000
41,6639
41,5798
41,6459
41,6340
41,7112
41,6432
41,6145
41,7313
41,5403
41,6972
41,5231
41,6803
41,5796
41,5768
41,5632
41,6933
41,6184
41,6674
41,7638
41,6970
41,6344
41,7002
41,6306
41,6662
41,6432
41,6198
41,6339
41,5965
41,6440
41,5531
41,7086
41,6438
41,6676
41,7017
41,5746
41,6473
41,6611
41,5158
41,6563
41,6422
41,6403
41,7313
41,6264
41,6297
41,7778
41,7039
41,6918
41,6364
41,5907
41,5871
41,5736
41,5454
41,6218
41,6422
41,5200
41,7020
41,6022
41,6292
41,5699
41,6669
41,6207
42,6125
42,5691
42,5302
42,6397
42,6051
42,5584
42,6613
42,6459
42,6517
42,6118
42,6314
42,5982
42,5578
42,6453
42,6181
42,6616
42,5926
42,5813
42,6617
42,6542
42,5148
42,5677
42,6106
42,7159
42,6113
42,5670
42,5929
42,6558
42,6618
42,6140
42,6354
42,5598
42,6314
42,6266
42,6413
42,6294
42,6700
42,5990
42,6351
42,6311
42,5837
42,6807
42,5574
42,5981
42,6316
42,6353
42,6691
42,7466
42,6225
42,6707
42,5159
42,6345
42,6322
42,7257
42,6323
42,5833
42,6123
42,7163
42,5406
42,6563
42,5688
42,5951
42,6050
42,6996
42,5889
42,6048
42,5613
42,7022
42,6286
42,7762
42,6041
42,6361
42,6279
42,6292
42,5669
42,6392
42,5489
42,6606
42,5977
42,5784
42,6021
42,5532
42,5561
42,5888
42,5843
42,6508
42,6598
42,6399
42,6063
42,6099
42,5764
42,5602
42,6845
42,6047
42,6089
42,5840
42,6249
42,5494
42,6356
42,6758
43,6263
43,6072
43,6723
43,5470
43,6209
43,5604
43,6343
43,6091
43,6182
43,6514
43,6030
43,6488
43,5587
43,5449
43,6891
43,6267
43,6290
43,5889
43,6794
43,6667
43,6316
43,6278
43,5929
43,6016
43,5490
43,4925
43,6778
43,5849
43,6742
43,6957
43,6294
43,6557
43,5526
43,6018
43,6333
43,5425
43,5314
43,5870
43,6202
43,6481
43,6160
43,6090
43,5321
43,6002
43,5567
43,5831
43,6611
43,6637
43,6562
43,6736
43,6166
43,6447
43,5738
43,6874
43,5887
43,6554
43,5920
43,6272
43,6724
43,5571
43,5706
43,6244
43,5713
43,5471
43,4745
43,5761
43,5691
43,5738
43,6091
43,5740
43,6573
43,6322
43,6292
43,6438
43,4996
43,5164
43,5256
43,6681
43,6044
43,5938
43,6167
43,6102
43,6836
43,6552
43,6096
43,6412
43,5958
43,6931
43,5703
43,5839
43,5205
43,6301
43,5825
43,6210
43,6041
43,5041
43,5901
43,5583
43,5569
43,6342
44,6848
44,6266
44,7286
44,6515
44,6675
44,5654
44,6661
44,6173
44,5759
44,7079
44,6459
44,6781
44,6460
44,6133
44,7058
44,6540
44,6697
44,6645
44,6166
44,6653
44,7492
44,6255
44,6121
44,7384
44,6121
44,6238
44,6176
44,7339
44,6442
44,6176
44,6812
44,6811
44,6345
44,6288
44,6176
44,6782
44,5924
44,6516
44,6952
44,6167
44,7086
44,7858
44,5954
44,6528
44,6252
44,6607
44,6445
44,6101
44,6213
44,7044
44,6127
44,6874
44,6338
44,6266
44,6256
44,7321
44,6738
44,5708
44,6544
44,5948
44,6211
44,6452
44,5798
44,6132
44,6875
44,7353
44,7054
44,6681
44,6520
44,5245
44,6330
44,6594
44,6483
44,6425
44,7010
44,6740
44,6661
44,5877
44,5822
44,6212
44,7219
44,5980
44,5956
44,6462
44,6440
44,6936
44,6620
44,7722
44,6186
44,5988
44,5911
44,6355
44,7121
44,6817
44,6660
44,6745
44,6002
44,6386
44,6463
44,6418
45,6599
45,6038
45,5649
45,6014
45,6724
45,5991
45,6412
45,6366
45,6390
45,6832
45,6274
45,6363
45,6208
45,5812
45,6046
45,7052
45,7094
45,6560
45,6024
45,7042
45,6722
45,6233
45,5908
45,5961
45,5937
45,6938
45,6672
45,6082
45,6854
45,5499
45,5969
45,6299
45,5640
45,7906
45,6668
45,6810
45,6572
45,5746
45,6669
45,7372
45,6837
45,7213
45,5772
45,6815
45,5968
45,6605
45,6640
45,6354
45,6328
45,6590
45,6428
45,6857
45,6418
45,5389
45,5329
45,6806
45,6818
45,6535
45,6527
45,6995
45,5729
45,6305
45,5630
45,6241
45,6428
45,5831
45,5681
45,6180
45,6283
45,6134
45,6904
45,5829
45,6376
45,6199
45,7106
45,5883
45,6102
45,5524
45,7100
45,5812
45,6440
45,7579
45,6262
45,6826
45,5685
45,5609
45,6193
45,6173
45,6482
45,6351
45,6310
45,6330
45,6536
45,6142
45,5765
45,5961
45,5788
45,5759
45,6486
45,6506
46,6225
46,5601
46,5342
46,6447
46,6067
46,6711
46,5703
46,6034
46,6335
46,7495
46,5998
46,5957
46,6664
46,6753
46,6217
46,6116
46,6027
46,5984
46,5549
46,6145
46,6505
46,6070
46,5964
46,6239
46,5518
46,6462
46,5702
46,6579
46,5657
46,6613
46,6209
46,6426
46,6127
46,6336
46,6466
46,8199
46,5870
46,5348
46,6448
46,5821
46,6474
46,6856
46,6510
46,6743
46,6782
46,5677
46,5862
46,6146
46,6223
46,5489
46,6492
46,5792
46,6007
46,5760
46,5512
46,6113
46,5512
46,7160
46,6830
46,6225
46,5143
46,6523
46,5895
46,6141
46,6182
46,6280
46,6119
46,6365
46,6069
46,5990
46,5485
46,6586
46,6044
46,5846
46,5867
46,6306
46,5742
46,5808
46,5454
46,6351
46,6045
46,6041
46,6600
46,5360
46,6397
46,6713
46,6136
46,6050
46,5621
46,6285
46,6550
46,6280
46,5878
46,5445
46,6070
46,6903
46,6295
46,5708
46,6192
46,6566
47,6154
47,5619
47,6627
47,6507
47,5587
47,6202
47,6256
47,6066
47,5619
47,6795
47,5892
47,5782
47,6394
47,7157
47,5481
47,5985
47,5896
47,6336
47,6111
47,6072
47,5782
47,5458
47,6250
47,6336
47,5804
47,6571
47,6307
47,5812
47,5570
47,6380
47,5831
47,6079
47,6120
47,5942
47,5935
47,5531
47,6097
47,6037
47,5991
47,6026
47,5815
47,5790
47,6247
47,5695
47,5329
47,5603
47,5751
47,5865
47,5693
47,6041
47,6129
47,6035
47,5515
47,5956
47,6295
47,5748
47,6847
47,5358
47,5546
47,5983
47,5655
47,5221
47,6116
47,6870
47,6311
47,6089
47,5760
47,6282
47,6322
47,6656
47,6782
47,5729
47,6536
47,6379
47,5707
47,5656
47,5484
47,5853
47,5701
47,6150
47,6365
47,5740
47,5724
47,6378
47,6145
47,5660
47,6239
47,5715
47,5976
47,6190
47,5847
47,6220
47,6086
47,6148
47,6008
47,5902
47,6019
47,5723
47,5827
47,5807
48,5983
48,6023
48,6613
48,6407
48,5611
48,6154
48,5918
48,5660
48,6510
48,5892
48,6346
48,6060
48,5713
48,6399
48,6625
48,6496
48,7233
48,7036
48,6226
48,6877
48,6462
48,6143
48,6492
48,6248
48,5681
48,5910
48,7078
48,6215
48,6338
48,7086
48,6753
48,6248
48,5800
48,6486
48,7025
48,5807
48,6555
48,7389
48,6210
48,7284
48,6713
48,5873
48,5935
48,6004
48,6323
48,6257
48,6359
48,5939
48,6886
48,6480
48,7146
48,7238
48,6447
48,6723
48,6977
48,6664
48,5843
48,7440
48,6066
48,6512
48,6121
48,5797
48,6229
48,5655
48,6203
48,6448
48,5443
48,6487
48,6703
48,6019
48,5773
48,6886
48,6948
48,6757
48,6054
48,6857
48,6390
48,7431
48,5833
48,6987
48,6162
48,6441
48,6729
48,5175
48,6495
48,6388
48,6967
48,6791
48,6123
48,6312
48,6682
48,6071
48,6533
48,6013
48,6306
48,6744
48,6071
48,6532
48,7566
48,6502
49,6059
49,6932
49,5993
49,6351
49,6607
49,6240
49,5453
49,5741
49,6658
49,6088
49,6532
49,6681
49,5790
49,6539
49,6073
49,6608
49,6732
49,6537
49,6113
49,6198
49,6744
49,5678
49,6553
49,6999
49,6426
49,5636
49,6680
49,6781
49,5961
49,6129
49,5762
49,6200
49,5861
49,6632
49,6146
49,6055
49,6159
49,6449
49,6783
49,6346
49,6641
49,6682
49,6456
49,5900
49,5952
49,6166
49,6360
49,6044
49,6413
49,6247
49,5900
49,5942
49,6233
49,6376
49,6139
49,6173
49,6211
49,6000
49,6201
49,6169
49,6524
49,6560
49,5676
49,6001
49,7173
49,6568
49,6247
49,6674
49,6794
49,5720
49,6822
49,6277
49,5978
49,7029
49,6045
49,6797
49,6571
49,5633
49,5915
49,5979
49,6422
49,6327
49,5280
49,6596
49,6736
49,6377
49,6549
49,5640
49,6133
49,5720
49,5691
49,6854
49,6543
49,5989
49,5660
49,5546
49,6790
49,6277
49,6277
49,5682
50,5575
50,5865
50,6756
50,6240
50,6259
50,5668
50,5683
50,6071
50,6395
50,5167
50,6077
50,5862
50,6569
50,5807
50,5960
50,6466
50,5865
50,5740
50,5915
50,6156
50,7057
50,5668
50,5858
50,6081
50,6444
50,5532
50,6336
50,6084
50,6340
50,5676
50,5638
50,5647
50,5667
50,5856
50,6378
50,6459
50,6406
50,5461
50,6193
50,6399
50,6133
50,6298
50,6324
50,6350
50,6083
50,5781
50,5396
50,5799
50,5945
50,6242
50,6244
50,5729
50,5312
50,5194
50,6179
50,6670
50,5956
50,6084
50,5980
50,5654
50,5920
50,6170
50,5659
50,5913
50,6471
50,5994
50,6036
50,6405
50,5518
50,5142
50,6552
50,6416
50,6557
50,7091
50,7035
50,6193
50,6360
50,6859
50,5987
50,5590
50,6125
50,6613
50,6647
50,6110
50,5404
50,6846
50,5974
50,6498
50,6488
50,6429
50,6517
50,6364
50,6039
50,6134
50,6444
50,6094
50,5575
50,6433
50,5917
50,5823
51,6424
51,6363
51,5991
51,5520
51,6197
51,6486
51,6088
51,6514
51,6499
51,6097
51,5415
51,5631
51,5904
51,5737
51,5333
51,5406
51,5586
51,6712
51,5539
51,5338
51,5589
51,5939
51,6567
51,5932
51,6246
51,5488
51,5979
51,5982
51,5766
51,5425
51,6075
51,6226
51,5675
51,5409
51,6374
51,5880
51,5707
51,5330
51,5798
51,5872
51,5624
51,6086
51,5622
51,5815
51,6431
51,6868
51,5861
51,5390
51,5989
51,6055
51,6154
51,5675
51,4873
51,5739
51,5556
51,5900
51,5881
51,5942
51,6506
51,5815
51,5988
51,6049
51,4949
51,5888
51,5056
51,5912
51,5458
51,5697
51,5321
51,6049
51,5366
51,5607
51,6554
51,5969
51,5107
51,5102
51,5819
51,6081
51,6006
51,6249
51,6452
51,6238
51,6790
51,6470
51,5958
51,5780
51,5904
51,6731
51,5359
51,5470
51,6279
51,5788
51,5208
51,6176
51,5738
51,5614
51,6325
51,6473
51,5937
51,5455
52,6486
52,6475
52,6404
52,6611
52,6163
52,6642
52,6627
52,6061
52,6683
52,6144
52,6492
52,5822
52,6056
52,6224
52,6644
52,6868
52,5789
52,6860
52,6308
52,6483
52,6382
52,6656
52,6696
52,6397
52,6802
52,6256
52,6448
52,6280
52,5761
52,6455
52,6791
52,6083
52,6625
52,5944
52,6358
52,6845
52,5898
52,6321
52,6479
52,6400
52,6512
52,6938
52,5827
52,5525
52,6392
52,6317
52,5788
52,6372
52,6055
52,6397
52,6540
52,7221
52,6365
52,5990
52,5990
52,6499
52,6164
52,6279
52,6204
52,6132
52,6245
52,5631
52,6663
52,6789
52,6477
52,6762
52,5647
52,5859
52,5426
52,5926
52,6612
52,6309
52,6914
52,5596
52,6134
52,6063
52,6207
52,5664
52,6373
52,6190
52,6032
52,6362
52,6231
52,5964
52,6418
52,6109
52,6082
52,6289
52,5731
52,6732
52,6235
52,5800
52,6527
52,6246
52,6901
52,6316
52,6409
52,6042
52,5749
52,6622
53,5960
53,6325
53,6940
53,5975
53,6360
53,5991
53,5689
53,6301
53,6319
53,6610
53,6614
53,5692
53,5930
53,5855
53,5682
53,5764
53,6179
53,6199
53,6423
53,6188
53,5821
53,5790
53,6241
53,6227
53,5851
53,6015
53,6491
53,6019
53,5743
53,5783
53,6048
53,6022
53,6424
53,5992
53,6217
53,5050
53,5738
53,5830
53,5968
53,6421
53,5949
53,5814
53,6362
53,5950
53,5327
53,5412
53,6009
53,6056
53,6307
53,6489
53,5182
53,5789
53,6413
53,6170
53,5744
53,5272
53,5940
53,6742
53,6210
53,6436
53,5546
53,5926
53,5776
53,6441
53,5968
53,6385
53,6466
53,5912
53,5921
53,5407
53,5654
53,6199
53,5705
53,5310
53,5871
53,5945
53,5559
53,6265
53,6046
53,5854
53,6382
53,6879
53,6179
53,6039
53,5583
53,7027
53,6651
53,6308
53,6827
53,6155
53,5773
53,6020
53,6185
53,5617
53,5988
53,5483
53,6016
53,6582
53,5889
53,5479
54,6093
54,6493
54,5893
54,5227
54,5724
54,6052
54,5960
54,5731
54,6598
54,5780
54,5648
54,5294
54,6079
54,6163
54,6578
54,5754
54,6134
54,5507
54,6852
54,6621
54,6297
54,6033
54,5997
54,6025
54,5195
54,5638
54,5668
54,6229
54,5826
54,6169
54,5696
54,6260
54,6594
54,6080
54,5886
54,6165
54,5893
54,5794
54,6385
54,6605
54,5639
54,5364
54,6001
54,6144
54,5767
54,6857
54,5740
54,6103
54,5667
54,6268
54,6084
54,5841
54,5899
54,5526
54,5534
54,5474
54,5986
54,5623
54,6014
54,4993
54,5905
54,6499
54,6064
54,5615
54,5433
54,5733
54,5624
54,6744
54,5976
54,6074
54,5728
54,5393
54,5623
54,5832
54,5702
54,5979
54,5564
54,6049
54,5408
54,5979
54,5712
54,5356
54,5779
54,5900
54,5457
54,6333
54,5675
54,5917
54,6301
54,5661
54,5461
54,6211
54,5103
54,6240
54,6036
54,5577
54,6158
54,6306
54,6123
54,6027
55,5495
55,6028
55,6272
55,5430
55,5695
55,5146
55,5337
55,5988
55,6161
55,5640
55,6227
55,6106
55,6280
55,5415
55,5929
55,5949
55,5891
55,6120
55,5889
55,6150
55,6294
55,6024
55,5483
55,5938
55,6077
55,6183
55,5221
55,5360
55,5622
55,5827
55,6149
55,5915
55,5983
55,5965
55,4940
55,5413
55,5353
55,5623
55,6681
55,5849
55,5981
55,5640
55,5608
55,4984
55,5668
55,5935
55,5349
55,6007
55,5569
55,5541
55,5767
55,6285
55,5247
55,5640
55,5915
55,5848
55,5599
55,5103
55,5543
55,5722
55,5580
55,5682
55,5678
55,5663
55,5578
55,5723
55,5463
55,5729
55,5774
55,5948
55,5158
55,5201
55,6129
55,5854
55,5802
55,5639
55,5327
55,5786
55,5919
55,6184
55,6673
55,6193
55,5953
55,5472
55,5435
55,5531
55,5355
55,5305
55,5657
55,5342
55,5412
55,5822
55,5462
55,5311
55,6183
55,5438
55,6518
55,5505
55,5576
55,5735
56,6132
56,6068
56,6288
56,5443
56,5812
56,6048
56,6384
56,6104
56,6025
56,6003
56,5939
56,6269
56,5228
56,5157
56,5402
56,6548
56,6281
56,5964
56,6104
56,5527
56,5800
56,5798
56,5531
56,6098
56,6178
56,6559
56,6386
56,5462
56,6309
56,5918
56,5906
56,5879
56,5580
56,6012
56,6404
56,5600
56,5653
56,6193
56,5858
56,6413
56,6278
56,5792
56,6322
56,5625
56,5737
56,5855
56,6780
56,5725
56,5971
56,6184
56,6102
56,6479
56,5934
56,5823
56,6602
56,6110
56,5769
56,6492
56,5764
56,6483
56,6127
56,6684
56,5861
56,6477
56,7128
56,6665
56,6015
56,6567
56,6315
56,5812
56,5764
56,5589
56,5811
56,6675
56,5598
56,5633
56,6723
56,6270
56,6003
56,6018
56,5656
56,5949
56,6266
56,6182
56,5517
56,6104
56,6081
56,5754
56,5825
56,6033
56,6540
56,6431
56,6054
56,6139
56,5872
56,5968
56,6089
56,6235
56,6595
56,6213
57,6184
57,6840
57,5934
57,6080
57,6571
57,5683
57,6005
57,6554
57,5339
57,5984
57,6514
57,5705
57,5924
57,6425
57,5539
57,6203
57,6017
57,5901
57,5733
57,6228
57,6334
57,5422
57,5438
57,6449
57,5589
57,6043
57,6213
57,5674
57,5278
57,5911
57,5867
57,5894
57,6597
57,5968
57,6227
57,6149
57,6161
57,5366
57,5880
57,6066
57,6642
57,5987
57,6819
57,5990
57,5916
57,6537
57,5655
57,6133
57,6100
57,5888
57,6520
57,6788
57,5393
57,6519
57,5863
57,6284
57,6163
57,5513
57,5587
57,5768
57,6277
57,6426
57,5909
57,6381
57,5581
57,5725
57,6199
57,5700
57,6136
57,6317
57,6260
57,5852
57,5553
57,5445
57,5693
57,5406
57,5970
57,6017
57,5731
57,5476
57,5784
57,5890
57,5949
57,6120
57,5780
57,5695
57,5887
57,5739
57,6614
57,6615
57,5687
57,6288
57,5825
57,6673
57,5632
57,5536
57,5878
57,6401
57,6080
57,5803
58,6217
58,5724
58,5769
58,5408
58,5812
58,6217
58,5844
58,5425
58,6094
58,5831
58,5736
58,5688
58,5393
58,6180
58,6080
58,5859
58,6156
58,5934
58,5971
58,6366
58,5802
58,5976
58,6137
58,5926
58,6302
58,6224
58,6113
58,6008
58,5872
58,6240
58,5480
58,5767
58,5643
58,6487
58,5793
58,5503
58,6302
58,6414
58,5707
58,5695
58,5325
58,5429
58,6086
58,5934
58,6238
58,6310
58,6241
58,6055
58,5483
58,5982
58,5701
58,5320
58,5353
58,5605
58,6214
58,5972
58,6592
58,6198
58,6056
58,5116
58,6057
58,5904
58,5726
58,5260
58,6048
58,6195
58,6317
58,5776
58,5636
58,6078
58,5169
58,5951
58,6333
58,5728
58,5858
58,6423
58,5636
58,6198
58,5345
58,5740
58,6640
58,5483
58,5270
58,5935
58,6614
58,6260
58,6966
58,5505
58,5394
58,5326
58,6215
58,6185
58,6112
58,6027
58,5809
58,5621
58,6071
58,5601
58,6652
58,5862
59,5677
59,5760
59,5262
59,5592
59,5817
59,6592
59,6161
59,5630
59,5173
59,5537
59,5902
59,6180
59,5644
59,5785
59,6106
59,5459
59,5857
59,6200
59,5687
59,5976
59,5490
59,6067
59,5510
59,5896
59,5076
59,6572
59,6257
59,6049
59,5078
59,6249
59,5576
59,5706
59,5840
59,5763
59,5779
59,5599
59,6394
59,5543
59,5543
59,5745
59,5741
59,5771
59,5191
59,6344
59,5688
59,5997
59,6598
59,5711
59,5840
59,5764
59,5434
59,5876
59,5412
59,5444
59,6380
59,5738
59,5449
59,5043
59,5759
59,5417
59,5804
59,5661
59,5633
59,5656
59,5872
59,5372
59,5852
59,5318
59,5637
59,5635
59,5685
59,6323
59,5811
59,5813
59,6088
59,5616
59,6351
59,6723
59,6023
59,5297
59,6282
59,5373
59,5901
59,5697
59,5929
59,6065
59,6406
59,5698
59,5705
59,5510
59,6078
59,5733
59,5655
59,5915
59,5597
59,6078
59,5961
59,5847
59,5421
59,5664
60,6395
60,5941
60,6583
60,5793
60,5927
60,5935
60,6106
60,6586
60,6422
60,5976
60,5830
60,6057
60,6202
60,6902
60,6231
60,6334
60,6085
60,6189
60,5538
60,6226
60,5798
60,5907
60,6103
60,5677
60,5609
60,6813
60,7051
60,6288
60,5988
60,6338
60,6530
60,6863
60,6413
60,6708
60,5931
60,6248
60,5741
60,5892
60,6285
60,5780
60,5660
60,6366
60,6302
60,5635
60,5829
60,5616
60,6221
60,6088
60,6049
60,6348
60,6557
60,6468
60,6153
60,5713
60,6570
60,6420
60,6577
60,6307
60,6545
60,6501
60,6251
60,6478
60,6354
60,6473
60,6020
60,6555
60,6606
60,6188
60,5915
60,6280
60,6337
60,5784
60,5924
60,6227
60,6421
60,6690
60,6140
60,6288
60,5812
60,6583
60,6866
60,6689
60,5813
60,6487
60,6097
60,6736
60,6121
60,6246
60,6653
60,6486
60,5921
60,6154
60,6176
60,6566
60,6206
60,6136
60,5850
60,5841
60,5770
60,6063
61,5766
61,6532
61,5683
61,6637
61,6121
61,5927
61,6540
61,6396
61,5984
61,5610
61,6082
61,5655
61,6427
61,5648
61,6212
61,6477
61,6067
61,5905
61,6205
61,5830
61,5457
61,5762
61,5673
61,5875
61,6501
61,6287
61,5445
61,6151
61,6277
61,5813
61,5535
61,6168
61,6061
61,5925
61,5830
61,6435
61,5506
61,5670
61,5855
61,6148
61,5619
61,6224
61,6293
61,6309
61,5877
61,5528
61,6223
61,6223
61,5763
61,5800
61,5842
61,5457
61,6084
61,6276
61,6323
61,5508
61,6582
61,5919
61,5555
61,5520
61,5713
61,6123
61,6437
61,5697
61,6321
61,5736
61,6285
61,5578
61,5573
61,5971
61,6245
61,6221
61,5864
61,6236
61,5881
61,5533
61,6164
61,6134
61,6229
61,5881
61,6351
61,6289
61,5967
61,5320
61,6622
61,6291
61,5372
61,6479
61,6634
61,6087
61,5829
61,6194
61,6053
61,5930
61,6123
61,5459
61,5888
61,6380
61,5793
61,5974
62,5969
62,5753
62,6239
62,5929
62,6032
62,6107
62,6003
62,5362
62,5507
62,5865
62,6471
62,6634
62,6028
62,6074
62,6457
62,5394
62,5586
62,6048
62,6186
62,5400
62,6042
62,6287
62,5649
62,6402
62,5595
62,6109
62,6011
62,6358
62,5726
62,6156
62,5248
62,6075
62,5991
62,6000
62,6310
62,5949
62,6209
62,5639
62,6096
62,5680
62,5883
62,6054
62,5936
62,5938
62,5744
62,5513
62,6577
62,5896
62,5833
62,5360
62,5949
62,5621
62,5795
62,5983
62,5886
62,5863
62,6240
62,6201
62,5957
62,5579
62,6162
62,6165
62,6085
62,5871
62,5705
62,6022
62,6011
62,6021
62,6311
62,5833
62,6639
62,5843
62,6306
62,5663
62,6468
62,5561
62,5868
62,5558
62,5527
62,5844
62,6339
62,5234
62,5888
62,5551
62,5707
62,5650
62,5603
62,5425
62,6805
62,5840
62,6002
62,5922
62,5401
62,5940
62,5609
62,6182
62,5901
62,5465
62,5958
62,5859
63,5452
63,6051
63,6246
63,5069
63,5735
63,5613
63,5776
63,5473
63,5916
63,5775
63,5482
63,5431
63,5737
63,5683
63,6125
63,5399
63,5553
63,5848
63,5838
63,6045
63,5443
63,6354
63,5866
63,5508
63,5819
63,5539
63,5545
63,5277
63,5423
63,5445
63,5702
63,5801
63,5714
63,5772
63,5817
63,5557
63,5986
63,6153
63,6049
63,5579
63,5757
63,6153
63,5866
63,5619
63,5662
63,5779
63,6077
63,5445
63,5764
63,5668
63,5504
63,5862
63,5403
63,5596
63,6095
63,5925
63,5918
63,5736
63,6018
63,5528
63,5618
63,5377
63,5591
63,5841
63,4913
63,6125
63,5086
63,5817
63,6300
63,5292
63,5752
63,6107
63,5729
63,5965
63,5227
63,5742
63,5619
63,6256
63,5652
63,5674
63,6007
63,5497
63,6073
63,5592
63,5457
63,5370
63,5777
63,5915
63,5815
63,5945
63,5703
63,5383
63,5723
63,6152
63,5811
63,5672
63,5832
63,5465
63,6076
63,5823
64,6148
64,6594
64,5983
64,6121
64,5811
64,5696
64,6018
64,6363
64,6341
64,6139
64,6161
64,5697
64,5588
64,5418
64,5789
64,5788
64,6305
64,5837
64,6543
64,6255
64,5734
64,6447
64,6303
64,5846
64,6219
64,5632
64,6400
64,6227
64,6087
64,6165
64,6187
64,5525
64,6073
64,5771
64,5993
64,6255
64,6542
64,5839
64,6128
64,6309
64,6110
64,5843
64,6088
64,6062
64,6322
64,5957
64,6404
64,5621
64,5570
64,6324
64,5908
64,6183
64,6425
64,5580
64,5966
64,5771
64,5975
64,5841
64,5620
64,5994
64,6254
64,5734
64,6113
64,6298
64,6246
64,6373
64,6179
64,5477
64,5944
64,5908
64,5874
64,5881
64,6125
64,5932
64,6433
64,5818
64,5349
64,5672
64,5826
64,5857
64,6046
64,6258
64,6040
64,5812
64,5593
64,6198
64,6171
64,6836
64,6436
64,6015
64,6177
64,5637
64,6031
64,6210
64,5548
64,6242
64,5977
64,6422
64,5651
64,6654
65,5946
65,6942
65,5601
65,6496
65,6070
65,5704
65,5998
65,5848
65,6292
65,5530
65,5650
65,6155
65,6077
65,5715
65,6177
65,6353
65,5836
65,6298
65,6187
65,6248
65,5936
65,6375
65,6256
65,6026
65,6063
65,5962
65,5658
65,5490
65,5490
65,5934
65,5458
65,5923
65,5847
65,5804
65,5656
65,6063
65,5932
65,5803
65,5753
65,5699
65,5930
65,6469
65,6043
65,5938
65,5439
65,5510
65,5541
65,6020
65,5754
65,5668
65,6229
65,5981
65,5720
65,5534
65,5519
65,6264
65,6353
65,5662
65,6336
65,5894
65,5446
65,5777
65,5846
65,5659
65,6327
65,6271
65,6531
65,5975
65,6298
65,6159
65,5599
65,5808
65,5916
65,6009
65,5926
65,6029
65,6087
65,5926
65,5583
65,5362
65,5836
65,6007
65,6031
65,5843
65,5773
65,6681
65,6658
65,5757
65,6257
65,5543
65,5679
65,5976
65,5935
65,5624
65,5623
65,6407
65,6592
65,5901
65,5977
65,5517
66,5392
66,5539
66,5720
66,5680
66,5580
66,5415
66,5626
66,6011
66,5683
66,5771
66,5965
66,5799
66,5685
66,5710
66,5988
66,5882
66,6112
66,5952
66,5633
66,5599
66,5938
66,5933
66,5951
66,6091
66,5523
66,5969
66,6237
66,5952
66,5356
66,5619
66,5824
66,6161
66,5538
66,5280
66,5965
66,5714
66,5653
66,5817
66,5483
66,5212
66,5433
66,5957
66,5926
66,6353
66,6031
66,6375
66,6258
66,5711
66,6060
66,6057
66,6337
66,5525
66,5675
66,6313
66,5966
66,5455
66,5775
66,5696
66,5745
66,5684
66,5831
66,5759
66,5859
66,6127
66,5603
66,6191
66,5452
66,5526
66,5437
66,5889
66,5757
66,5668
66,5600
66,5952
66,5577
66,6075
66,5359
66,6050
66,6191
66,6094
66,6050
66,6551
66,5930
66,5490
66,5614
66,6013
66,5615
66,5939
66,5686
66,5978
66,5729
66,5843
66,6378
66,5522
66,6803
66,5835
66,5608
66,5531
66,5899
66,5369
67,5342
67,5506
67,5950
67,5307
67,5535
67,6079
67,6187
67,5756
67,5807
67,5802
67,5938
67,5537
67,5196
67,5315
67,5816
67,5385
67,5316
67,5257
67,5633
67,5654
67,5592
67,5676
67,6307
67,5716
67,6168
67,6240
67,5556
67,5500
67,5207
67,5763
67,5316
67,5486
67,5945
67,4889
67,5976
67,5902
67,5596
67,5764
67,5578
67,5689
67,5869
67,6018
67,5832
67,5753
67,5578
67,5120
67,5592
67,5671
67,5952
67,5754
67,5832
67,5672
67,5139
67,5376
67,5671
67,5049
67,6380
67,5480
67,5658
67,5316
67,5632
67,5459
67,5223
67,5389
67,5550
67,5520
67,5427
67,5695
67,5204
67,5677
67,5689
67,5518
67,5542
67,5793
67,5723
67,5771
67,5248
67,5859
67,5871
67,5359
67,5363
67,5959
67,5604
67,6140
67,5347
67,5447
67,5675
67,5442
67,6144
67,5700
67,5599
67,5755
67,5851
67,5885
67,5361
67,5460
67,5660
67,5910
67,5617
67,5221
68,5723
68,6573
68,5997
68,5953
68,5878
68,5530
68,5956
68,5849
68,5600
68,6050
68,5794
68,5412
68,5983
68,6137
68,6663
68,6037
68,6142
68,5750
68,5807
68,6272
68,6075
68,5944
68,5801
68,6446
68,5991
68,5885
68,5843
68,5968
68,6557
68,5997
68,5899
68,5811
68,6124
68,6264
68,5960
68,5856
68,5940
68,5985
68,5950
68,5688
68,5851
68,6147
68,5751
68,6345
68,5827
68,5883
68,5677
68,5439
68,6290
68,5962
68,5987
68,6154
68,5873
68,6140
68,5729
68,6197
68,6104
68,6196
68,6327
68,6072
68,5543
68,5892
68,5907
68,5703
68,5992
68,5883
68,6383
68,6060
68,6101
68,5991
68,5979
68,6025
68,5763
68,5833
68,6332
68,6499
68,5561
68,6271
68,5842
68,6116
68,6095
68,6017
68,5472
68,5863
68,5667
68,5883
68,6428
68,5954
68,6132
68,5769
68,5756
68,6198
68,5892
68,6133
68,5133
68,6134
68,5886
68,6089
68,5967
68,7157
69,5791
69,5774
69,6172
69,6298
69,5840
69,5750
69,5859
69,5540
69,6149
69,5569
69,5760
69,5273
69,5776
69,5734
69,5825
69,6107
69,5286
69,6008
69,5734
69,5828
69,6104
69,5399
69,6092
69,5544
69,6154
69,6175
69,5393
69,5404
69,5953
69,5824
69,5860
69,5992
69,5580
69,5784
69,5553
69,6099
69,6299
69,5849
69,5964
69,5654
69,6715
69,6357
69,6170
69,6018
69,5804
69,6279
69,5497
69,6243
69,5955
69,5688
69,6127
69,6273
69,6500
69,5951
69,5803
69,6061
69,6124
69,5890
69,5541
69,5789
69,5691
69,6633
69,5744
69,6114
69,6133
69,5548
69,5813
69,5774
69,5861
69,6235
69,5725
69,6028
69,5834
69,5483
69,6171
69,5501
69,5938
69,6155
69,6075
69,6188
69,5889
69,6131
69,6148
69,6619
69,5666
69,5889
69,6541
69,5466
69,5847
69,5739
69,5906
69,5955
69,6069
69,5658
69,5725
69,5957
69,5783
69,6073
69,5312
69,5792
70,5405
70,5541
70,5542
70,5785
70,5568
70,6145
70,5702
70,5955
70,5410
70,5301
70,6135
70,5178
70,5779
70,5797
70,6145
70,6057
70,6162
70,5921
70,5777
70,5811
70,5511
70,6015
70,5819
70,5754
70,5791
70,5627
70,5810
70,5781
70,5932
70,5845
70,5951
70,5709
70,5845
70,5625
70,5797
70,5684
70,6481
70,5948
70,5936
70,5796
70,6079
70,6107
70,5619
70,5849
70,5408
70,5632
70,5939
70,5423
70,5385
70,5363
70,6166
70,5887
70,5589
70,5830
70,5888
70,5783
70,5957
70,5585
70,6024
70,5869
70,5381
70,5889
70,5901
70,5928
70,5601
70,5922
70,5890
70,5516
70,6062
70,5997
70,6195
70,6243
70,5590
70,5393
70,6019
70,5902
70,5545
70,6349
70,5856
70,5771
70,5913
70,5455
70,5773
70,6244
70,5365
70,6185
70,6051
70,5438
70,5832
70,5955
70,5788
70,5444
70,5644
70,5736
70,5887
70,5381
70,5166
70,5908
70,6393
70,5617
71,6189
71,5807
71,6149
71,5524
71,6023
71,5829
71,5866
71,5730
71,5501
71,5956
71,5222
71,5695
71,5540
71,5938
71,5503
71,6166
71,6112
71,5178
71,5351
71,5790
71,6061
71,5752
71,5592
71,5458
71,5890
71,5732
71,5795
71,5638
71,6207
71,5733
71,5543
71,6149
71,6023
71,5558
71,5651
71,5238
71,5639
71,5980
71,6357
71,5561
71,5447
71,5442
71,5747
71,5848
71,5739
71,5518
71,5401
71,5867
71,5762
71,5895
71,5553
71,5846
71,5347
71,6161
71,5274
71,5577
71,5855
71,6160
71,5489
71,5596
71,5613
71,5930
71,5484
71,5529
71,5685
71,5579
71,5816
71,5800
71,5983
71,5813
71,5749
71,5789
71,5858
71,5252
71,5734
71,5557
71,5594
71,5545
71,5716
71,5812
71,5837
71,5978
71,6097
71,6015
71,5539
71,5914
71,6058
71,5480
71,5663
71,5743
71,5627
71,5555
71,5421
71,6010
71,5893
71,5163
71,5833
71,5661
71,5891
71,6174
72,6155
72,6663
72,5723
72,6168
72,5662
72,5778
72,6125
72,6247
72,5978
72,6316
72,5999
72,5820
72,6309
72,5715
72,5507
72,5466
72,6093
72,5941
72,6324
72,6023
72,5830
72,6281
72,5808
72,5983
72,6199
72,5963
72,6028
72,6022
72,6335
72,5638
72,5849
72,5910
72,5762
72,6096
72,6344
72,5841
72,5703
72,6255
72,5871
72,6611
72,5672
72,5974
72,6216
72,6058
72,5824
72,5914
72,6640
72,5904
72,6316
72,5683
72,6142
72,6099
72,6037
72,6346
72,6045
72,5792
72,6042
72,5990
72,5864
72,5511
72,6138
72,6311
72,6145
72,6542
72,6544
72,5534
72,6064
72,6163
72,6442
72,6294
72,5735
72,6352
72,5748
72,6168
72,6370
72,6143
72,6018
72,5792
72,5766
72,5637
72,6316
72,5855
72,6140
72,5974
72,6005
72,6249
72,5815
72,5850
72,6012
72,5540
72,5862
72,5887
72,5771
72,6427
72,6267
72,5444
72,5443
72,5432
72,6118
72,6220
73,5647
73,6018
73,6002
73,5617
73,5861
73,5438
73,5467
73,5734
73,5987
73,6087
73,5905
73,5791
73,5858
73,5757
73,5896
73,5714
73,6229
73,6170
73,6068
73,5832
73,5820
73,6108
73,5527
73,5581
73,5661
73,6166
73,6034
73,5855
73,6135
73,5867
73,6409
73,5645
73,5727
73,5459
73,5877
73,5465
73,5591
73,5535
73,5690
73,5940
73,5888
73,5740
73,5820
73,5566
73,5636
73,5748
73,5933
73,5776
73,6255
73,5705
73,5609
73,6248
73,5936
73,6130
73,6077
73,6874
73,5754
73,6046
73,5766
73,5874
73,5456
73,5458
73,6279
73,5978
73,5651
73,6087
73,6303
73,5638
73,5773
73,6108
73,6096
73,5557
73,6178
73,5561
73,5948
73,5688
73,6042
73,5668
73,6067
73,5407
73,5702
73,5707
73,6335
73,5927
73,6302
73,6171
73,6135
73,5743
73,6059
73,5624
73,6379
73,5794
73,5674
73,5648
73,5729
73,5545
73,5806
73,6110
73,5583
73,5523
74,5875
74,6185
74,5874
74,5493
74,5923
74,5798
74,5617
74,5694
74,5971
74,5531
74,5845
74,5569
74,5713
74,6020
74,6016
74,5524
74,5538
74,6036
74,5378
74,5530
74,5784
74,5813
74,5827
74,5838
74,5673
74,5814
74,5503
74,5492
74,5667
74,5548
74,5659
74,6439
74,6027
74,5430
74,6172
74,6175
74,5847
74,5784
74,5772
74,5727
74,5550
74,5923
74,5706
74,5387
74,5282
74,5730
74,5907
74,5615
74,6069
74,5604
74,5866
74,5420
74,5932
74,5803
74,5444
74,5517
74,5630
74,5776
74,6044
74,5681
74,5741
74,5972
74,5898
74,6074
74,5461
74,5731
74,5873
74,5752
74,5678
74,6146
74,5733
74,6035
74,5740
74,5937
74,5571
74,5489
74,5791
74,6042
74,5802
74,5599
74,5479
74,5813
74,5607
74,6150
74,5545
74,5293
74,5543
74,5598
74,5994
74,5963
74,5573
74,5731
74,5608
74,6035
74,5786
74,5802
74,5891
74,5790
74,5870
74,5586
75,5458
75,5387
75,5769
75,5909
75,5577
75,5701
75,5638
75,5572
75,5994
75,5868
75,5545
75,5378
75,5699
75,5454
75,5275
75,5520
75,5840
75,5802
75,5529
75,5477
75,5534
75,5612
75,5557
75,5640
75,6038
75,5517
75,5360
75,6020
75,5280
75,5624
75,5359
75,5397
75,5854
75,5343
75,5254
75,5904
75,5587
75,5443
75,5737
75,5610
75,5603
75,5509
75,5697
75,5485
75,5528
75,5357
75,5159
75,5778
75,5789
75,5706
75,5467
75,5775
75,5438
75,5736
75,5663
75,6004
75,5825
75,5765
75,5918
75,5517
75,5853
75,5870
75,5589
75,5391
75,5639
75,5402
75,6030
75,5721
75,5569
75,5788
75,6090
75,5493
75,5384
75,5789
75,5878
75,6152
75,5405
75,5501
75,5267
75,5785
75,5436
75,5642
75,5518
75,5758
75,5597
75,5345
75,5214
75,5749
75,5646
75,5258
75,5957
75,5560
75,5788
75,5866
75,5418
75,5690
75,5404
75,5504
75,5698
75,5753
